0 1000 1000
1 1000 1000
2 1010 1006.26
3 1010 1009.23
4 1010 1010.84
5 1010 1011.8
6 1010 1012.41
7 1010 1012.81
8 1010 1013.08
9 1020 1016.04
10 1020 1018.26
11 1020 1019.94
12 1020 1021.22
13 1020 1022.2
14 1020 1022.95
15 1030 1025.63
16 1020 1025.71
17 1030 1027.75
18 1030 1029.41
19 1030 1030.74
20 1030 1031.78
21 1030 1032.57
22 1030 1033.15
23 1030 1033.53
24 1030 1033.76
25 1030 1033.84
26 1030 1033.81
27 1030 1033.69
28 1030 1033.5
29 1030 1033.24
30 1030 1032.95
31 1040 1034.7
32 1040 1036.15
33 1040 1037.35
34 1040 1038.32
35 1040 1039.1
36 1040 1039.71
37 1040 1040.18
38 1030 1038.55
39 1040 1039.05
40 1040 1039.44
41 1030 1037.8
42 1040 1038.26
43 1040 1038.63
44 1040 1038.91
45 1040 1039.12
46 1040 1039.27
47 1040 1039.38
48 1040 1039.44
49 1040 1039.47
50 1040 1039.47
51 1030 1037.67
52 1040 1037.84
53 1030 1036.23
54 1020 1033.06
55 1030 1032
56 1030 1031.06
57 1040 1031.93
58 1030 1031.01
59 1040 1031.87
60 1030 1030.97
61 1030 1030.17
62 1030 1029.46
63 1030 1028.85
64 1040 1029.92
65 1030 1029.26
66 1040 1030.29
67 1030 1029.6
68 1030 1029
69 1030 1028.47
70 1030 1028
71 1040 1029.15
72 1030 1028.62
73 1040 1029.7
74 1030 1029.12
75 1040 1030.15
76 1030 1029.54
77 1030 1029
78 1040 1030.03
79 1030 1029.45
80 1040 1030.43
81 1030 1029.82
82 1040 1030.76
83 1030 1030.12
84 1040 1031.03
85 1030 1030.37
86 1040 1031.25
87 1030 1030.58
